Ваня(1200) 6, 13, 20, 27
Тимур(1500) 2, 6, 9, 13, 16, 20, 23, 27
Ярослав (1200) 7,14, 21, 28
Артур(1500) 1 , 8, 15, 22, 29
Иван(2000) 7, 21
Коля(1100) 2, 9, 14, 16, 23, 28
Саша Третьяков (1500) 1, 8, 15, 29
Саша Артамонов(1500) 7, 14, 21, 28
Данил (1400) 7, 14, 21, 28
Марк(1200) 6, 7, 9, 13, 16,20, 22, 23, 27, 28, -29
Костя(1500) 6, 13
Итан(2000) 1,2,3,4,5,6,7,8
Даня Ольга(1500) 1, 8, 15, 22, 29
Марк(2500) 1 , 7, 15, 27,
Денис(1500) 6, 14, 21, 28
Артем(1500) 2, 9, 16, 23, 28
Глеб(1500) 1, 7, 8, 15, 16, 21, 22, -28, -29
Леша(1500) 1, 6, 8, 13, 15, 20, 22, 27, 29